33,3
33,2
33,1
33,0
32,3
32,2
32,1
32,0
31,3
31,2
31,1
31,0
29,3
29,2
29,1
29,0
28,3
28,2
28,1
28,0
27,3
27,2
27,1
27,0
26,3
26,2
26,1
26,0
18,3
18,2
18,1
18,0
17,3
17,2
17,1
17,0
16,3
16,2
16,1
16,0
15,3
15,2
15,1
15,0
14,3
14,2
14,1
14,0
13,3
13,2
13,1
13,0
11,3
11,2
11,1
11,0
10,3
10,2
10,1
10,0
9,3
9,2
9,1
9,0
8,3
8,2
8,1
8,0
7,3
7,2
7,1
7,0
5,4
5,3
5,2
5,1
5,0
4,3
3,6
3,5
3,4
3,3
3,2
2,25
2,24
2,23
2,22
2,21
2,20
2,19
2,18
2,17
2,16
2,15
2,14
2,13
2,4
2,3
2,2
2,1
2,0
1,3
1,2
0,598
0,597
0,566
0,535
0,528
0,464
0,452
0,442
0,413
0,324
0,243
0,9
0,0
0,1
0,446
0,484
0,300
0,462
0,299
0,536
0,298
0,599
0,297
0,586
0,296
0,433
0,295
0,483
0,294
0,431
0,293
0,585
0,292
0,534
0,291
0,482
0,290
0,427
0,289
0,565
0,288
0,425
0,287
0,532
0,286
0,423
0,285
0,564
0,284
0,481
0,283
0,576
0,282
0,419
0,281
0,529
0,280
0,563
0,279
0,527
0,278
0,415
0,277
0,562
0,276
0,478
0,275
0,274
0,410
0,273
34,0
34,1
34,3
35,0
35,2
35,3
36,1
36,3
37,0
37,2
37,3
38,1
38,3
44,0
44,2
44,3
45,1
45,2
47,0
47,2
47,3
48,1
48,2
50,0
50,2
50,3
51,1
51,2
52,0
52,1
52,3
54,1
54,2
56,0
56,1
56,3
57,1
57,2
58,0
58,1
58,3
61,0
61,2
65,0
65,1
65,3
71,0
71,2
77,0
77,1
77,3
81,0
81,2
82,0
82,1
82,3
83,0
83,2
83,3
84,1
84,3
85,0
85,2
85,3
86,1
86,3
87,0
87,2
87,3
89,1
89,2
90,0
90,2
90,3
92,1
92,2
93,0
93,2
93,3
95,1
95,2
96,0
96,1
96,3
97,1
97,2
98,0
98,1
98,3
106,1
106,2
108,0
108,1
108,3
109,1
109,2
110,0
110,1
110,3
111,0
111,2
111,4
113,0
113,2
113,3
113,5
114,1
114,2
114,4
115,0
115,2
115,3
125,0
125,2
125,3
125,5
125,6
125,8
125,10
125,11
125,13
127,0
127,2
127,3
127,5
129,1
129,2
129,4
129,5
131,1
131,3
131,4
133,0
133,1
133,3
133,4
134,0
134,2
134,3
143,0
143,1
143,3
143,5
143,6
143,8
143,9
143,11
145,0
145,1
145,3
145,4
147,0
147,1
147,3
147,5
149,0
149,2
149,3
149,5
151,1
151,2
151,4
151,5
152,1
152,2
152,4
153,1
153,2
153,4
156,0
156,2
156,4
156,5
157,0
157,1
157,3
157,4
158,1
158,3
158,4
159,1
159,2
159,4
169,1
169,2
169,4
169,5
169,7
169,9
169,10
169,12
169,13
171,1
171,2
171,4
173,0
173,1
173,3
173,4
178,0
178,2
178,3
178,5
178,6
178,8
180,0
180,2
180,4
180,5
182,1
182,2
182,4
184,0
184,1
184,3
184,4
186,0
186,1
186,3
186,5
198,0
198,2
198,3
198,5
198,7
198,8
198,10
198,11
198,13
198,14
200,0
200,2
200,3
200,5
202,0
202,2
202,4
202,5
204,1
204,2
204,4
206,0
206,1
206,3
206,4
207,0
207,1
207,3
207,5
208,0
208,2
208,3
209,0
209,2
209,3
210,0
210,1
210,3
210,4
211,1
211,3
211,4
211,6
211,7
213,0
213,2
213,3
213,5
214,0
214,2
214,3
215,0
215,2
215,3
215,5
216,0
216,2
216,4
223,0
223,2
223,3
223,5
223,7
223,8
223,10
225,0
225,2
225,3
225,5
227,1
227,2
227,4
227,5
230,1
230,3
230,4
230,6
231,0
231,2
231,3
233,0
233,2
233,3
234,0
234,1
234,3
237,1
237,2
237,4
237,5
238,0
238,1
238,3
238,5
240,0
240,2
240,3
240,5
241,1
241,2
241,4
243,0
243,2
243,4
244,0
244,2
244,3
245,0
245,1
245,3
248,1
248,2
248,4
248,5
249,0
249,2
249,3
249,5
251,0
251,2
251,3
251,5
252,1
252,2
252,4
252,3
252,0
251,4
251,1
249,4
249,1
248,6
248,3
248,0
245,2
244,4
244,1
243,3
243,1
241,3
241,0
240,4
240,1
238,4
238,2
237,6
237,3
237,0
234,2
233,4
233,1
231,4
231,1
230,5
230,2
230,0
227,3
227,0
225,4
225,1
223,9
223,6
223,4
223,1
216,3
216,1
215,4
215,1
214,4
214,1
213,4
213,1
211,8
211,5
211,2
211,0
210,2
209,4
209,1
208,4
208,1
207,4
207,2
206,5
206,2
204,5
204,3
204,0
202,3
202,1
200,4
200,1
198,15
198,12
198,9
198,6
198,4
198,1
186,4
186,2
184,5
184,2
182,5
182,3
182,0
180,3
180,1
178,7
178,4
178,1
173,5
173,2
171,5
171,3
171,0
169,11
169,8
169,6
169,3
169,0
159,3
159,0
158,2
158,0
157,2
156,6
156,3
156,1
153,3
153,0
152,3
152,0
151,3
151,0
149,4
149,1
147,4
147,2
145,5
145,2
143,12
143,10
143,7
143,4
143,2
134,4
134,1
133,5
133,2
131,5
131,2
131,0
129,3
129,0
127,4
127,1
125,12
125,9
125,7
125,4
125,1
115,4
115,1
114,3
114,0
113,4
113,1
111,3
111,1
110,2
109,3
109,0
108,2
106,3
106,0
98,2
97,3
97,0
96,2
95,3
95,0
93,1
92,3
92,0
90,1
89,3
89,0
87,1
86,2
86,0
85,1
84,2
84,0
83,1
82,2
81,3
81,1
77,2
71,3
71,1
65,2
61,3
61,1
58,2
57,3
57,0
56,2
54,3
54,0
52,2
51,3
51,0
50,1
48,3
48,0
47,1
45,3
45,0
44,1
38,2
38,0
37,1
36,2
36,0
35,1
34,2
0,561
0,272
0,575
0,271
0,524
0,270
0,406
0,269
0,559
0,268
0,473
0,267
0,584
0,266
0,265
0,476
0,264
0,497
0,263
0,558
0,262
0,397
0,261
0,583
0,260
0,259
0,582
0,258
0,257
0,256
0,557
0,255
0,254
0,596
0,253
0,556
0,252
0,555
0,251
0,595
0,250
0,607
0,249
0,594
0,248
0,554
0,247
0,480
0,246
0,553
0,245
0,606
0,244
0,605
0,242
0,479
0,241
0,604
0,240
0,551
0,239
0,511
0,238
0,550
0,237
0,603
0,236
0,602
0,235
0,475
0,234
0,593
0,233
0,456
0,232
0,574
0,231
0,507
0,230
0,549
0,229
0,454
0,228
0,573
0,227
0,592
0,226
0,548
0,225
0,472
0,224
0,547
0,223
0,504
0,222
0,581
0,221
0,591
0,220
0,580
0,219
0,218
0,546
0,217
0,471
0,216
0,545
0,215
0,501
0,214
0,590
0,213
0,589
0,212
0,579
0,211
0,210
0,522
0,209
0,470
0,208
0,544
0,207
0,469
0,206
0,521
0,205
0,543
0,204
0,542
0,203
0,588
0,202
0,512
0,201
0,449
0,200
0,578
0,199
0,468
0,198
0,587
0,197
0,494
0,196
0,493
0,195
0,467
0,194
0,571
0,193
0,448
0,192
0,570
0,63
0,492
0,62
0,541
0,61
0,491
0,60
0,490
0,59
0,489
0,58
0,540
0,57
0,539
0,56
0,569
0,55
0,577
0,54
0,488
0,53
0,601
0,52
0,487
0,51
0,538
0,50
0,537
0,49
0,486
0,48
0,47
0,463
0,46
0,600
0,45
0,567
0,6
0,5
0,304
0,303
0,306
0,305
0,302
0,12
0,378
0,10
0,8
0,440
0,11
0,4
0,2
0,3
0,7
